Serial	Date Time	ref(µF)	(µF)	(µF)	(µF)	(µF)	(µF)	(°C)
2H-AC01   	24/11/2022 09:48	27,88	27,99	0	0	0	0	33
2H-AC02   	24/11/2022 09:49	27,88	27,65	0	0	0	0	33
2H-AC03   	24/11/2022 09:49	27,88	27,65	0	0	0	0	33
2H-AC04   	24/11/2022 09:50	27,88	28,02	0	0	0	0	33
2H-AC05   	24/11/2022 09:50	27,88	27,91	0	0	0	0	33
2H-AC06   	24/11/2022 09:51	27,88	27,78	0	0	0	0	33
2H-AC07   	24/11/2022 09:51	26,02	25,97	0	0	0	0	33
2H-AC08   	24/11/2022 09:52	26,02	26,13	0	0	0	0	33
2H-AC09   	24/11/2022 09:52	26,02	25,82	0	0	0	0	33
2H-AC10   	24/11/2022 09:53	27,88	27,95	0	0	0	0	33
2H-AC11   	24/11/2022 09:54	27,88	27,81	0	0	0	0	33
2H-AC12   	24/11/2022 09:54	27,88	27,88	27,88	0	0	0	33
2H-AC13   	24/11/2022 09:56	27,88	27,69	0	0	0	0	33
2H-AC14   	24/11/2022 09:56	27,88	28,03	0	0	0	0	33
2H-AC15   	24/11/2022 09:56	27,88	27,96	0	0	0	0	33
2H-AC16   	24/11/2022 09:57	27,88	28,12	0	0	0	0	33
2H-AC17   	24/11/2022 09:57	27,88	28,17	0	0	0	0	33
2H-AC18   	24/11/2022 09:58	27,88	27,88	0	0	0	0	33
2H-AC19   	24/11/2022 09:59	26,02	26,02	0	0	0	0	33
2H-AC20   	24/11/2022 09:59	26,02	25,83	0	0	0	0	33
2H-AC21   	24/11/2022 09:59	26,02	25,77	0	0	0	0	33
2H-AC22   	24/11/2022 10:00	27,88	28,21	0	0	0	0	33
2H-AC23   	24/11/2022 10:01	27,88	27,73	0	0	0	0	34
2H-AC24   	24/11/2022 10:01	27,88	27,93	0	0	0	0	34
2H-BC25   	24/11/2022 10:03	27,88	27,66	0	0	0	0	34
2H-BC26   	24/11/2022 10:03	27,88	27,7	0	0	0	0	34
2H-BC27   	24/11/2022 10:04	27,88	28	0	0	0	0	34
2H-BC28   	24/11/2022 10:04	27,88	28,11	0	0	0	0	34
2H-BC29   	24/11/2022 10:04	27,88	27,94	0	0	0	0	34
2H-BC30   	24/11/2022 10:05	27,88	27,94	0	0	0	0	34
2H-BC31   	24/11/2022 10:07	26,02	26,14	25,51	26,12	0	0	34
2H-BC32   	24/11/2022 10:07	26,02	25,46	0	0	0	0	34
2H-BC33   	24/11/2022 10:08	26,02	25,63	0	0	0	0	34
2H-BC34   	24/11/2022 10:08	27,88	28,03	0	0	0	0	34
2H-BC35   	24/11/2022 10:09	27,88	28,2	0	0	0	0	34
2H-BC36   	24/11/2022 10:09	27,88	28,36	0	0	0	0	34
2H-BC37   	24/11/2022 10:11	27,88	28,37	0	0	0	0	33
2H-BC38   	24/11/2022 10:11	27,88	28,31	0	0	0	0	33
2H-BC39   	24/11/2022 10:12	27,88	28,33	0	0	0	0	33
2H-BC40   	24/11/2022 10:12	27,88	28,41	0	0	0	0	33
2H-BC41   	24/11/2022 10:12	27,88	28,31	0	0	0	0	33
2H-BC42   	24/11/2022 10:13	27,88	27,8	0	0	0	0	33
2H-BC43   	24/11/2022 10:14	26,02	26,45	0	0	0	0	33
2H-BC44   	24/11/2022 10:14	26,02	25,73	0	0	0	0	33
2H-BC45   	24/11/2022 10:14	26,02	25,5	0	0	0	0	33
2H-BC46   	24/11/2022 10:15	27,88	28,07	27,99	24,71	0	0	33
2H-BC47   	24/11/2022 10:16	27,88	28,09	0	0	0	0	33
2H-BC48   	24/11/2022 10:16	27,88	28,4	0	0	0	0	33
2H-CC49   	24/11/2022 10:18	27,88	28,03	0	0	0	0	33
2H-CC50   	24/11/2022 10:18	27,88	27,76	0	0	0	0	33
2H-CC51   	24/11/2022 10:19	27,88	28,02	0	0	0	0	33
2H-CC52   	24/11/2022 10:20	27,88	28,13	0	0	0	0	33
2H-CC53   	24/11/2022 10:21	27,88	27,7	0	0	0	0	33
2H-CC54   	24/11/2022 10:22	27,88	27,97	0	0	0	0	33
2H-CC55   	24/11/2022 10:23	26,02	25,54	0	0	0	0	33
2H-CC56   	24/11/2022 10:23	26,02	25,87	0	0	0	0	33
2H-CC57   	24/11/2022 10:23	26,02	26,07	0	0	0	0	33
2H-CC58   	24/11/2022 10:24	27,88	28,11	0	0	0	0	33
2H-CC59   	24/11/2022 10:24	27,88	28,02	0	0	0	0	33
2H-CC60   	24/11/2022 10:24	27,88	28,04	0	0	0	0	33
2H-CC61   	24/11/2022 10:25	27,88	28,11	0	0	0	0	33
2H-CC62   	24/11/2022 10:25	27,88	28,36	0	0	0	0	33
2H-CC63   	24/11/2022 10:26	27,88	28,09	0	0	0	0	33
2H-CC64   	24/11/2022 10:26	27,88	28,24	0	0	0	0	33
2H-CC65   	24/11/2022 10:26	27,88	28,3	0	0	0	0	33
2H-CC66   	24/11/2022 10:27	27,88	28,22	0	0	0	0	33
2H-CC67   	24/11/2022 10:28	26,02	26,19	0	0	0	0	33
2H-CC68   	24/11/2022 10:28	26,02	26,64	26,69	23,24	0	0	33
2H-CC69   	24/11/2022 10:29	26,02	25,55	0	0	0	0	33
2H-CC70   	24/11/2022 10:30	27,88	27,95	0	0	0	0	34
2H-CC71   	24/11/2022 10:30	27,88	28,04	0	0	0	0	34
2H-CC72   	24/11/2022 10:31	27,88	28,52	0	0	0	0	34
3H-AC01   	01/01/2001 01:01	46,15	0	0	0	0	0	0
3H-AC02   	01/01/2001 01:01	46,15	0	0	0	0	0	0
3H-AC03   	01/01/2001 01:01	46,15	0	0	0	0	0	0
3H-AC04   	01/01/2001 01:01	46,15	0	0	0	0	0	0
3H-AC05   	01/01/2001 01:01	46,15	0	0	0	0	0	0
3H-AC06   	01/01/2001 01:01	46,15	0	0	0	0	0	0
3H-AC07   	01/01/2001 01:01	46,15	0	0	0	0	0	0
3H-AC08   	01/01/2001 01:01	46,15	0	0	0	0	0	0
3H-AC09   	01/01/2001 01:01	46,15	0	0	0	0	0	0
3H-AC10   	01/01/2001 01:01	46,15	0	0	0	0	0	0
3H-AC11   	01/01/2001 01:01	46,15	0	0	0	0	0	0
3H-AC12   	01/01/2001 01:01	46,15	0	0	0	0	0	0
3H-AC13   	01/01/2001 01:01	46,15	0	0	0	0	0	0
3H-AC14   	01/01/2001 01:01	46,15	0	0	0	0	0	0
3H-AC15   	01/01/2001 01:01	46,15	0	0	0	0	0	0
3H-AC16   	01/01/2001 01:01	46,15	0	0	0	0	0	0
3H-AC17   	01/01/2001 01:01	46,15	0	0	0	0	0	0
3H-AC18   	01/01/2001 01:01	46,15	0	0	0	0	0	0
3H-AC19   	01/01/2001 01:01	46,15	0	0	0	0	0	0
3H-AC20   	01/01/2001 01:01	46,15	0	0	0	0	0	0
3H-AC21   	01/01/2001 01:01	46,15	0	0	0	0	0	0
3H-AC22   	01/01/2001 01:01	46,15	0	0	0	0	0	0
3H-AC23   	01/01/2001 01:01	46,15	0	0	0	0	0	0
3H-AC24   	01/01/2001 01:01	46,15	0	0	0	0	0	0
3H-AC25   	01/01/2001 01:01	46,15	0	0	0	0	0	0
3H-AC26   	01/01/2001 01:01	46,15	0	0	0	0	0	0
3H-AC27   	01/01/2001 01:01	46,15	0	0	0	0	0	0
3H-AC28   	01/01/2001 01:01	46,15	0	0	0	0	0	0
3H-AC29   	01/01/2001 01:01	46,15	0	0	0	0	0	0
3H-AC30   	01/01/2001 01:01	46,15	0	0	0	0	0	0
3H-BC31   	01/01/2001 01:01	46,15	0	0	0	0	0	0
3H-BC32   	01/01/2001 01:01	46,15	0	0	0	0	0	0
3H-BC33   	01/01/2001 01:01	46,15	0	0	0	0	0	0
3H-BC34   	01/01/2001 01:01	46,15	0	0	0	0	0	0
3H-BC35   	01/01/2001 01:01	46,15	0	0	0	0	0	0
3H-BC36   	01/01/2001 01:01	46,15	0	0	0	0	0	0
3H-BC37   	01/01/2001 01:01	46,15	0	0	0	0	0	0
3H-BC38   	01/01/2001 01:01	46,15	0	0	0	0	0	0
3H-BC39   	01/01/2001 01:01	46,15	0	0	0	0	0	0
3H-BC40   	01/01/2001 01:01	46,15	0	0	0	0	0	0
3H-BC41   	01/01/2001 01:01	46,15	0	0	0	0	0	0
3H-BC42   	01/01/2001 01:01	46,15	0	0	0	0	0	0
3H-BC43   	01/01/2001 01:01	46,15	0	0	0	0	0	0
3H-BC44   	01/01/2001 01:01	46,15	0	0	0	0	0	0
3H-BC45   	01/01/2001 01:01	46,15	0	0	0	0	0	0
3H-BC46   	01/01/2001 01:01	46,15	0	0	0	0	0	0
3H-BC47   	01/01/2001 01:01	46,15	0	0	0	0	0	0
3H-BC48   	01/01/2001 01:01	46,15	0	0	0	0	0	0
3H-BC49   	01/01/2001 01:01	46,15	0	0	0	0	0	0
3H-BC50   	01/01/2001 01:01	46,15	0	0	0	0	0	0
3H-BC51   	01/01/2001 01:01	46,15	0	0	0	0	0	0
3H-BC52   	01/01/2001 01:01	46,15	0	0	0	0	0	0
3H-BC53   	01/01/2001 01:01	46,15	0	0	0	0	0	0
3H-BC54   	01/01/2001 01:01	46,15	0	0	0	0	0	0
3H-BC55   	01/01/2001 01:01	46,15	0	0	0	0	0	0
3H-BC56   	01/01/2001 01:01	46,15	0	0	0	0	0	0
3H-BC57   	01/01/2001 01:01	46,15	0	0	0	0	0	0
3H-BC58   	01/01/2001 01:01	46,15	0	0	0	0	0	0
3H-BC59   	01/01/2001 01:01	46,15	0	0	0	0	0	0
3H-BC60   	01/01/2001 01:01	46,15	0	0	0	0	0	0
3H-CC61   	01/01/2001 01:01	46,15	0	0	0	0	0	0
3H-CC62   	01/01/2001 01:01	46,15	0	0	0	0	0	0
3H-CC63   	01/01/2001 01:01	46,15	0	0	0	0	0	0
3H-CC64   	01/01/2001 01:01	46,15	0	0	0	0	0	0
3H-CC65   	01/01/2001 01:01	46,15	0	0	0	0	0	0
3H-CC66   	01/01/2001 01:01	46,15	0	0	0	0	0	0
3H-CC67   	01/01/2001 01:01	46,15	0	0	0	0	0	0
3H-CC68   	01/01/2001 01:01	46,15	0	0	0	0	0	0
3H-CC69   	01/01/2001 01:01	46,15	0	0	0	0	0	0
3H-CC70   	01/01/2001 01:01	46,15	0	0	0	0	0	0
3H-CC71   	01/01/2001 01:01	46,15	0	0	0	0	0	0
3H-CC72   	01/01/2001 01:01	46,15	0	0	0	0	0	0
3H-CC73   	01/01/2001 01:01	46,15	0	0	0	0	0	0
3H-CC74   	01/01/2001 01:01	46,15	0	0	0	0	0	0
3H-CC75   	01/01/2001 01:01	46,15	0	0	0	0	0	0
3H-CC76   	01/01/2001 01:01	46,15	0	0	0	0	0	0
3H-CC77   	01/01/2001 01:01	46,15	0	0	0	0	0	0
3H-CC78   	01/01/2001 01:01	46,15	0	0	0	0	0	0
3H-CC79   	01/01/2001 01:01	46,15	0	0	0	0	0	0
3H-CC80   	01/01/2001 01:01	46,15	0	0	0	0	0	0
3H-CC81   	01/01/2001 01:01	46,15	0	0	0	0	0	0
3H-CC82   	01/01/2001 01:01	46,15	0	0	0	0	0	0
3H-CC83   	01/01/2001 01:01	46,15	0	0	0	0	0	0
3H-CC84   	01/01/2001 01:01	46,15	0	0	0	0	0	0
3H-CC85   	01/01/2001 01:01	46,15	0	0	0	0	0	0
3H-CC86   	01/01/2001 01:01	46,15	0	0	0	0	0	0
3H-CC87   	01/01/2001 01:01	46,15	0	0	0	0	0	0
3H-CC88   	01/01/2001 01:01	46,15	0	0	0	0	0	0
3H-CC89   	01/01/2001 01:01	46,15	0	0	0	0	0	0
3H-CC90   	01/01/2001 01:01	46,15	0	0	0	0	0	0
5H-AC01   	24/11/2022 15:21	49,06	49,74	0	0	0	0	26
5H-AC02   	24/11/2022 15:21	49,06	50,58	0	0	0	0	26
5H-AC03   	24/11/2022 15:22	49,06	32,43	32,43	0	0	0	26
5H-AC04   	24/11/2022 15:22	49,06	49,03	0	0	0	0	27
5H-AC05   	24/11/2022 15:22	49,06	49,09	0	0	0	0	27
5H-AC06   	24/11/2022 15:23	49,06	50,57	0	0	0	0	27
5H-AC07   	24/11/2022 15:23	49,06	49,24	0	0	0	0	27
5H-AC08   	24/11/2022 15:24	49,06	44,85	44,85	0	0	0	27
5H-AC09   	24/11/2022 15:24	49,06	47,54	0	0	0	0	28
5H-AC10   	24/11/2022 15:25	49,06	49,19	0	0	0	0	28
5H-AC11   	24/11/2022 15:25	49,06	47,62	0	0	0	0	28
5H-AC12   	24/11/2022 15:26	49,06	47,98	0	0	0	0	28
5H-AC13   	24/11/2022 15:26	49,06	49,87	0	0	0	0	28
5H-AC14   	24/11/2022 15:27	49,06	49,74	0	0	0	0	28
5H-AC15   	24/11/2022 15:27	49,06	48,82	0	0	0	0	28
5H-AC16   	24/11/2022 15:27	49,06	49,54	0	0	0	0	29
5H-AC17   	24/11/2022 15:27	49,06	48,85	0	0	0	0	29
5H-AC18   	24/11/2022 15:28	49,06	48,75	0	0	0	0	29
5H-AC19   	24/11/2022 15:28	49,06	49,97	0	0	0	0	29
5H-AC20   	24/11/2022 15:29	49,06	48,79	0	0	0	0	29
5H-AC21   	24/11/2022 15:29	49,06	49,56	0	0	0	0	29
5H-AC22   	24/11/2022 15:29	49,06	49,2	0	0	0	0	29
5H-AC23   	24/11/2022 15:30	49,06	49,94	0	0	0	0	29
5H-AC24   	24/11/2022 15:30	49,06	48,72	0	0	0	0	29
5H-BC25   	24/11/2022 15:31	49,06	50,09	0	0	0	0	30
5H-BC26   	24/11/2022 15:31	49,06	50,11	0	0	0	0	30
5H-BC27   	24/11/2022 15:31	49,06	49,13	0	0	0	0	30
5H-BC28   	24/11/2022 15:32	49,06	49,12	0	0	0	0	30
5H-BC29   	24/11/2022 15:32	49,06	49,98	0	0	0	0	30
5H-BC30   	24/11/2022 15:32	49,06	50,06	0	0	0	0	30
5H-BC31   	24/11/2022 15:33	49,06	48,91	0	0	0	0	30
5H-BC32   	24/11/2022 15:33	49,06	49,65	0	0	0	0	30
5H-BC33   	24/11/2022 15:33	49,06	48,39	0	0	0	0	30
5H-BC34   	24/11/2022 15:34	49,06	50,3	0	0	0	0	30
5H-BC35   	24/11/2022 15:34	49,06	49,19	0	0	0	0	30
5H-BC36   	24/11/2022 15:34	49,06	49,14	0	0	0	0	30
5H-BC37   	24/11/2022 15:35	49,06	48,15	0	0	0	0	30
5H-BC38   	24/11/2022 15:35	49,06	50,66	0	0	0	0	30
5H-BC39   	24/11/2022 15:35	49,06	49,29	0	0	0	0	31
5H-BC40   	24/11/2022 15:36	49,06	49,67	0	0	0	0	31
5H-BC41   	24/11/2022 15:36	49,06	49,98	0	0	0	0	31
5H-BC42   	24/11/2022 15:36	49,06	48,64	0	0	0	0	31
5H-BC43   	24/11/2022 15:37	49,06	49,8	0	0	0	0	31
5H-BC44   	24/11/2022 15:37	49,06	47,37	0	0	0	0	31
5H-BC45   	24/11/2022 15:38	49,06	49,44	0	0	0	0	31
5H-BC46   	24/11/2022 15:38	49,06	49,07	0	0	0	0	31
5H-BC47   	24/11/2022 15:39	49,06	49,94	0	0	0	0	31
5H-BC48   	24/11/2022 15:39	49,06	49,95	0	0	0	0	31
5H-CC49   	24/11/2022 15:39	49,06	49,04	0	0	0	0	31
5H-CC50   	24/11/2022 15:40	49,06	49,84	0	0	0	0	31
5H-CC51   	24/11/2022 15:40	49,06	49,88	0	0	0	0	31
5H-CC52   	24/11/2022 15:41	49,06	49,19	0	0	0	0	31
5H-CC53   	24/11/2022 15:41	49,06	50,21	0	0	0	0	31
5H-CC54   	24/11/2022 15:41	49,06	49,25	0	0	0	0	31
5H-CC55   	24/11/2022 15:42	49,06	49,72	0	0	0	0	31
5H-CC56   	24/11/2022 15:42	49,06	49,16	0	0	0	0	31
5H-CC57   	24/11/2022 15:43	49,06	50,3	0	0	0	0	32
5H-CC58   	24/11/2022 15:44	49,06	48,96	0	0	0	0	32
5H-CC59   	24/11/2022 15:44	49,06	48,46	0	0	0	0	32
5H-CC60   	24/11/2022 15:44	49,06	49,89	0	0	0	0	32
5H-CC61   	24/11/2022 15:45	49,06	49,14	0	0	0	0	32
5H-CC62   	24/11/2022 15:45	49,06	49,14	0	0	0	0	32
5H-CC63   	24/11/2022 15:46	49,06	49,71	0	0	0	0	32
5H-CC64   	24/11/2022 15:46	49,06	49,22	0	0	0	0	32
5H-CC65   	24/11/2022 15:47	49,06	49,64	0	0	0	0	32
5H-CC66   	24/11/2022 15:47	49,06	49,74	0	0	0	0	32
5H-CC67   	24/11/2022 15:48	49,06	48,95	0	0	0	0	32
5H-CC68   	24/11/2022 15:48	49,06	50,02	0	0	0	0	32
5H-CC69   	24/11/2022 15:48	49,06	49,93	0	0	0	0	32
5H-CC70   	24/11/2022 15:48	49,06	49,51	0	0	0	0	32
5H-CC71   	24/11/2022 15:49	49,06	48,73	0	0	0	0	32
5H-CC72   	24/11/2022 15:49	49,06	49,05	0	0	0	0	32
7H-AC01   	01/01/2001 01:01	49,87	0	0	0	0	0	0
7H-AC02   	01/01/2001 01:01	49,87	0	0	0	0	0	0
7H-AC03   	01/01/2001 01:01	49,87	0	0	0	0	0	0
7H-AC04   	01/01/2001 01:01	49,87	0	0	0	0	0	0
7H-AC05   	24/11/2022 08:31	49,87	49,11	49,13	49,12	49,38	0	28
7H-AC06   	01/01/2001 01:01	49,87	0	0	0	0	0	0
7H-AC07   	01/01/2001 01:01	49,87	0	0	0	0	0	0
7H-AC08   	01/01/2001 01:01	49,87	0	0	0	0	0	0
7H-AC09   	01/01/2001 01:01	49,87	0	0	0	0	0	0
7H-AC10   	01/01/2001 01:01	49,87	0	0	0	0	0	0
7H-AC11   	01/01/2001 01:01	49,87	0	0	0	0	0	0
7H-AC12   	01/01/2001 01:01	49,87	0	0	0	0	0	0
7H-AC13   	01/01/2001 01:01	49,87	0	0	0	0	0	0
7H-AC14   	01/01/2001 01:01	49,87	0	0	0	0	0	0
7H-AC15   	01/01/2001 01:01	49,87	0	0	0	0	0	0
7H-AC16   	01/01/2001 01:01	49,87	0	0	0	0	0	0
7H-AC17   	01/01/2001 01:01	49,87	0	0	0	0	0	0
7H-AC18   	01/01/2001 01:01	49,87	0	0	0	0	0	0
7H-AC19   	01/01/2001 01:01	49,87	0	0	0	0	0	0
7H-AC20   	01/01/2001 01:01	49,87	0	0	0	0	0	0
7H-AC21   	01/01/2001 01:01	49,87	0	0	0	0	0	0
7H-AC22   	01/01/2001 01:01	49,87	0	0	0	0	0	0
7H-AC23   	01/01/2001 01:01	49,87	0	0	0	0	0	0
7H-AC24   	01/01/2001 01:01	49,87	0	0	0	0	0	0
7H-AC25   	01/01/2001 01:01	49,87	0	0	0	0	0	0
7H-AC26   	01/01/2001 01:01	49,87	0	0	0	0	0	0
7H-AC27   	01/01/2001 01:01	49,87	0	0	0	0	0	0
7H-AC28   	01/01/2001 01:01	49,87	0	0	0	0	0	0
7H-AC29   	01/01/2001 01:01	49,87	0	0	0	0	0	0
7H-AC30   	01/01/2001 01:01	49,87	0	0	0	0	0	0
7H-AC31   	01/01/2001 01:01	49,87	0	0	0	0	0	0
7H-AC32   	01/01/2001 01:01	49,87	0	0	0	0	0	0
7H-BC33   	01/01/2001 01:01	49,87	0	0	0	0	0	0
7H-BC34   	01/01/2001 01:01	49,87	0	0	0	0	0	0
7H-BC35   	01/01/2001 01:01	49,87	0	0	0	0	0	0
7H-BC36   	01/01/2001 01:01	49,87	0	0	0	0	0	0
7H-BC37   	01/01/2001 01:01	49,87	0	0	0	0	0	0
7H-BC38   	01/01/2001 01:01	49,87	0	0	0	0	0	0
7H-BC39   	01/01/2001 01:01	49,87	0	0	0	0	0	0
7H-BC40   	01/01/2001 01:01	49,87	0	0	0	0	0	0
7H-BC41   	01/01/2001 01:01	49,87	0	0	0	0	0	0
7H-BC42   	01/01/2001 01:01	49,87	0	0	0	0	0	0
7H-BC43   	01/01/2001 01:01	49,87	0	0	0	0	0	0
7H-BC44   	01/01/2001 01:01	49,87	0	0	0	0	0	0
7H-BC45   	01/01/2001 01:01	49,87	0	0	0	0	0	0
7H-BC46   	01/01/2001 01:01	49,87	0	0	0	0	0	0
7H-BC47   	01/01/2001 01:01	49,87	0	0	0	0	0	0
7H-BC48   	01/01/2001 01:01	49,87	0	0	0	0	0	0
7H-BC49   	01/01/2001 01:01	49,87	0	0	0	0	0	0
7H-BC50   	01/01/2001 01:01	49,87	0	0	0	0	0	0
7H-BC51   	01/01/2001 01:01	49,87	0	0	0	0	0	0
7H-BC52   	01/01/2001 01:01	49,87	0	0	0	0	0	0
7H-BC53   	01/01/2001 01:01	49,87	0	0	0	0	0	0
7H-BC54   	01/01/2001 01:01	49,87	0	0	0	0	0	0
7H-BC55   	01/01/2001 01:01	49,87	0	0	0	0	0	0
7H-BC56   	01/01/2001 01:01	49,87	0	0	0	0	0	0
7H-BC57   	01/01/2001 01:01	49,87	0	0	0	0	0	0
7H-BC58   	01/01/2001 01:01	49,87	0	0	0	0	0	0
7H-BC59   	01/01/2001 01:01	49,87	0	0	0	0	0	0
7H-BC60   	01/01/2001 01:01	49,87	0	0	0	0	0	0
7H-BC61   	01/01/2001 01:01	49,87	0	0	0	0	0	0
7H-BC62   	01/01/2001 01:01	49,87	0	0	0	0	0	0
7H-BC63   	01/01/2001 01:01	49,87	0	0	0	0	0	0
7H-BC64   	01/01/2001 01:01	49,87	0	0	0	0	0	0
7H-CC65   	01/01/2001 01:01	49,87	0	0	0	0	0	0
7H-CC66   	01/01/2001 01:01	49,87	0	0	0	0	0	0
7H-CC67   	01/01/2001 01:01	49,87	0	0	0	0	0	0
7H-CC68   	01/01/2001 01:01	49,87	0	0	0	0	0	0
7H-CC69   	01/01/2001 01:01	49,87	0	0	0	0	0	0
7H-CC70   	01/01/2001 01:01	49,87	0	0	0	0	0	0
7H-CC71   	01/01/2001 01:01	49,87	0	0	0	0	0	0
7H-CC72   	01/01/2001 01:01	49,87	0	0	0	0	0	0
7H-CC73   	01/01/2001 01:01	49,87	0	0	0	0	0	0
7H-CC74   	01/01/2001 01:01	49,87	0	0	0	0	0	0
7H-CC75   	01/01/2001 01:01	49,87	0	0	0	0	0	0
7H-CC76   	01/01/2001 01:01	49,87	0	0	0	0	0	0
7H-CC77   	01/01/2001 01:01	49,87	0	0	0	0	0	0
7H-CC78   	01/01/2001 01:01	49,87	0	0	0	0	0	0
7H-CC79   	01/01/2001 01:01	49,87	0	0	0	0	0	0
7H-CC80   	01/01/2001 01:01	49,87	0	0	0	0	0	0
7H-CC81   	01/01/2001 01:01	49,87	0	0	0	0	0	0
7H-CC82   	01/01/2001 01:01	49,87	0	0	0	0	0	0
7H-CC83   	01/01/2001 01:01	49,87	0	0	0	0	0	0
7H-CC84   	01/01/2001 01:01	49,87	0	0	0	0	0	0
7H-CC85   	01/01/2001 01:01	49,87	0	0	0	0	0	0
7H-CC86   	01/01/2001 01:01	49,87	0	0	0	0	0	0
7H-CC87   	01/01/2001 01:01	49,87	0	0	0	0	0	0
7H-CC88   	01/01/2001 01:01	49,87	0	0	0	0	0	0
7H-CC89   	01/01/2001 01:01	49,87	0	0	0	0	0	0
7H-CC90   	01/01/2001 01:01	49,87	0	0	0	0	0	0
7H-CC91   	01/01/2001 01:01	49,87	0	0	0	0	0	0
7H-CC92   	01/01/2001 01:01	49,87	0	0	0	0	0	0
7H-CC93   	01/01/2001 01:01	49,87	0	0	0	0	0	0
7H-CC94   	01/01/2001 01:01	49,87	0	0	0	0	0	0
7H-CC95   	01/01/2001 01:01	49,87	0	0	0	0	0	0
7H-CC96   	01/01/2001 01:01	49,87	0	0	0	0	0	0
          	01/01/2001 01:01	0	0	0	0	0	0	0
          	01/01/2001 01:01	0	0	0	0	0	0	0
          	01/01/2001 01:01	0	0	0	0	0	0	0
          	01/01/2001 01:01	0	0	0	0	0	0	0
          	01/01/2001 01:01	0	0	0	0	0	0	0
          	01/01/2001 01:01	0	0	0	0	0	0	0
